데이터셋: 18개 원본 (Openverse CC 라이선스 실사 이미지)

평가 쌍: 총 648건 (진짜 매치 36건 / 무관한 쌍 612건)

 threshold | precision |  recall |     f1 |    FP |    FN
----------------------------------------------------------
         0 |     0.056 |   1.000 |  0.105 |   612 |     0
         5 |     0.643 |   1.000 |  0.783 |    20 |     0
        10 |     0.643 |   1.000 |  0.783 |    20 |     0
        15 |     0.766 |   1.000 |  0.867 |    11 |     0
        20 |     0.837 |   1.000 |  0.911 |     7 |     0
        25 |     0.923 |   1.000 |  0.960 |     3 |     0
        30 |     1.000 |   1.000 |  1.000 |     0 |     0
        35 |     1.000 |   1.000 |  1.000 |     0 |     0 <- production
        40 |     1.000 |   1.000 |  1.000 |     0 |     0
        45 |     1.000 |   0.972 |  0.986 |     0 |     1
        50 |     1.000 |   0.833 |  0.909 |     0 |     6
        55 |     1.000 |   0.806 |  0.892 |     0 |     7
        60 |     1.000 |   0.722 |  0.839 |     0 |    10
        65 |     1.000 |   0.611 |  0.759 |     0 |    14
        70 |     1.000 |   0.611 |  0.759 |     0 |    14
        75 |     1.000 |   0.583 |  0.737 |     0 |    15
        80 |     1.000 |   0.417 |  0.588 |     0 |    21
        85 |     1.000 |   0.306 |  0.468 |     0 |    25
        90 |     1.000 |   0.167 |  0.286 |     0 |    30
        95 |     1.000 |   0.083 |  0.154 |     0 |    33
       100 |     1.000 |   0.083 |  0.154 |     0 |    33

최적 임계값(F1 기준): 30 (F1=1.0)
현재 프로덕션 임계값: 35 (precision=1.0, recall=1.0, f1=1.0)

히스토그램 저장: C:\Users\User\Desktop\copycat-watch\experiments\results\similarity_distribution.png
